params:
  pid1.h: 100.0
  pid1.kp: 12.0
  pid1.l: 0.0
  pid1.mode: 1
  pid1.mv: 2.46080384337228
  pid1.pv: 0.9999999999999991
  pid1.sample_time: 0.5
  pid1.sv: 1.0
  pid1.td: 0.15
  pid1.ti: 30.0
  pid2.h: 100.0
  pid2.kp: 12.0
  pid2.l: 0.0
  pid2.mode: 1
  pid2.mv: 2.46080384337228
  pid2.pv: 0.9999999999999991
  pid2.sample_time: 0.5
  pid2.sv: 1.0
  pid2.td: 0.15
  pid2.ti: 30.0
  pid3.h: 100.0
  pid3.kp: 12.0
  pid3.l: 0.0
  pid3.mode: 1
  pid3.mv: 2.46080384337228
  pid3.pv: 0.9999999999999991
  pid3.sample_time: 0.5
  pid3.sv: 1.0
  pid3.td: 0.15
  pid3.ti: 30.0
  tank1.base_area: 0.7853981633974483
  tank1.height: 2.0
  tank1.inlet_area: 0.06
  tank1.inlet_velocity: 3.0
  tank1.level: 0.9999999999999991
  tank1.outlet_area: 0.001
  tank1.radius: 0.5
  tank1.step: 0.5
  tank1.valve_opening: 2.46080384337228
  tank2.base_area: 0.7853981633974483
  tank2.height: 2.0
  tank2.inlet_area: 0.06
  tank2.inlet_velocity: 3.0
  tank2.level: 0.9999999999999991
  tank2.outlet_area: 0.001
  tank2.radius: 0.5
  tank2.step: 0.5
  tank2.valve_opening: 2.46080384337228
  tank3.base_area: 0.7853981633974483
  tank3.height: 2.0
  tank3.inlet_area: 0.06
  tank3.inlet_velocity: 3.0
  tank3.level: 0.9999999999999991
  tank3.outlet_area: 0.001
  tank3.radius: 0.5
  tank3.step: 0.5
  tank3.valve_opening: 2.46080384337228
  valve1.current_opening: 2.46080384337228
  valve1.full_travel_time: 5.0
  valve1.max_opening: 100.0
  valve1.min_opening: 0.0
  valve1.step: 0.5
  valve1.target_opening: 2.46080384337228
  valve2.current_opening: 2.46080384337228
  valve2.full_travel_time: 5.0
  valve2.max_opening: 100.0
  valve2.min_opening: 0.0
  valve2.step: 0.5
  valve2.target_opening: 2.46080384337228
  valve3.current_opening: 2.46080384337228
  valve3.full_travel_time: 5.0
  valve3.max_opening: 100.0
  valve3.min_opening: 0.0
  valve3.step: 0.5
  valve3.target_opening: 2.46080384337228
timestamp: '2025-11-27T19:55:00.499160'
